0 0.5555555555555556 0.39 0.4222222222222222 0.52
0 0.5666666666666667 0.39 0.4222222222222222 0.52
0 0.5777777777777777 0.39 0.4222222222222222 0.52
0 0.5888888888888889 0.39 0.4222222222222222 0.52
0 0.6 0.39 0.4222222222222222 0.52
0 0.6111111111111112 0.39 0.4222222222222222 0.52
0 0.5333333333333333 0.4 0.4222222222222222 0.52
0 0.5444444444444444 0.4 0.4222222222222222 0.52
0 0.5555555555555556 0.4 0.4222222222222222 0.52
0 0.5666666666666667 0.4 0.4222222222222222 0.52
0 0.5777777777777777 0.4 0.4222222222222222 0.52
0 0.5888888888888889 0.4 0.4222222222222222 0.52
0 0.6 0.4 0.4222222222222222 0.52
0 0.6111111111111112 0.4 0.4222222222222222 0.52
0 0.6222222222222222 0.4 0.4222222222222222 0.52
0 0.5444444444444444 0.41 0.4222222222222222 0.52
0 0.5555555555555556 0.41 0.4222222222222222 0.52
0 0.5666666666666667 0.41 0.4222222222222222 0.52
0 0.5777777777777777 0.41 0.4222222222222222 0.52
0 0.5888888888888889 0.41 0.4222222222222222 0.52
0 0.6 0.41 0.4222222222222222 0.52
