0 0.4888888888888889 0.33 0.4222222222222222 0.52
0 0.5 0.33 0.4222222222222222 0.52
0 0.5111111111111111 0.33 0.4222222222222222 0.52
0 0.5222222222222223 0.33 0.4222222222222222 0.52
0 0.5333333333333333 0.33 0.4222222222222222 0.52
0 0.45555555555555555 0.34 0.4222222222222222 0.52
0 0.4666666666666667 0.34 0.4222222222222222 0.52
0 0.4777777777777778 0.34 0.4222222222222222 0.52
0 0.4888888888888889 0.34 0.4222222222222222 0.52
0 0.5 0.34 0.4222222222222222 0.52
0 0.5111111111111111 0.34 0.4222222222222222 0.52
0 0.5222222222222223 0.34 0.4222222222222222 0.52
0 0.5333333333333333 0.34 0.4222222222222222 0.52
0 0.5444444444444444 0.34 0.4222222222222222 0.52
0 0.5555555555555556 0.34 0.4222222222222222 0.52
0 0.45555555555555555 0.35 0.4222222222222222 0.52
0 0.4666666666666667 0.35 0.4222222222222222 0.52
0 0.4777777777777778 0.35 0.4222222222222222 0.52
0 0.4888888888888889 0.35 0.4222222222222222 0.52
0 0.5 0.35 0.4222222222222222 0.52
0 0.5111111111111111 0.35 0.4222222222222222 0.52
0 0.5222222222222223 0.35 0.4222222222222222 0.52
0 0.5333333333333333 0.35 0.4222222222222222 0.52
0 0.5444444444444444 0.35 0.4222222222222222 0.52
0 0.5555555555555556 0.35 0.4222222222222222 0.52
0 0.4777777777777778 0.36 0.4222222222222222 0.52
0 0.4888888888888889 0.36 0.4222222222222222 0.52
0 0.5 0.36 0.4222222222222222 0.52
0 0.5111111111111111 0.36 0.4222222222222222 0.52
0 0.5222222222222223 0.36 0.4222222222222222 0.52
0 0.5333333333333333 0.36 0.4222222222222222 0.52
