0 0.2111111111111111 0.34 0.4222222222222222 0.52
0 0.2222222222222222 0.34 0.4222222222222222 0.52
0 0.23333333333333334 0.34 0.4222222222222222 0.52
0 0.24444444444444444 0.34 0.4222222222222222 0.52
0 0.4666666666666667 0.34 0.4222222222222222 0.52
0 0.4777777777777778 0.34 0.4222222222222222 0.52
0 0.4888888888888889 0.34 0.4222222222222222 0.52
0 0.5 0.34 0.4222222222222222 0.52
0 0.5111111111111111 0.34 0.4222222222222222 0.52
0 0.5222222222222223 0.34 0.4222222222222222 0.52
0 0.5333333333333333 0.34 0.4222222222222222 0.52
0 0.5444444444444444 0.34 0.4222222222222222 0.52
0 0.5555555555555556 0.34 0.4222222222222222 0.52
0 0.5666666666666667 0.34 0.4222222222222222 0.52
0 0.5777777777777777 0.34 0.4222222222222222 0.52
0 0.4444444444444444 0.35 0.4222222222222222 0.52
0 0.45555555555555555 0.35 0.4222222222222222 0.52
0 0.4666666666666667 0.35 0.4222222222222222 0.52
0 0.4777777777777778 0.35 0.4222222222222222 0.52
0 0.4888888888888889 0.35 0.4222222222222222 0.52
0 0.5 0.35 0.4222222222222222 0.52
0 0.5111111111111111 0.35 0.4222222222222222 0.52
0 0.5222222222222223 0.35 0.4222222222222222 0.52
0 0.5333333333333333 0.35 0.4222222222222222 0.52
0 0.5444444444444444 0.35 0.4222222222222222 0.52
0 0.5555555555555556 0.35 0.4222222222222222 0.52
0 0.5666666666666667 0.35 0.4222222222222222 0.52
0 0.5777777777777777 0.35 0.4222222222222222 0.52
0 0.5888888888888889 0.35 0.4222222222222222 0.52
0 0.6 0.35 0.4222222222222222 0.52
0 0.45555555555555555 0.36 0.4222222222222222 0.52
0 0.4666666666666667 0.36 0.4222222222222222 0.52
0 0.4777777777777778 0.36 0.4222222222222222 0.52
0 0.4888888888888889 0.36 0.4222222222222222 0.52
0 0.5 0.36 0.4222222222222222 0.52
0 0.5111111111111111 0.36 0.4222222222222222 0.52
0 0.5222222222222223 0.36 0.4222222222222222 0.52
0 0.5333333333333333 0.36 0.4222222222222222 0.52
0 0.5444444444444444 0.36 0.4222222222222222 0.52
0 0.5555555555555556 0.36 0.4222222222222222 0.52
0 0.5666666666666667 0.36 0.4222222222222222 0.52
0 0.5777777777777777 0.36 0.4222222222222222 0.52
0 0.5888888888888889 0.36 0.4222222222222222 0.52
0 0.4666666666666667 0.37 0.4222222222222222 0.52
0 0.4777777777777778 0.37 0.4222222222222222 0.52
0 0.4888888888888889 0.37 0.4222222222222222 0.52
0 0.5 0.37 0.4222222222222222 0.52
0 0.5111111111111111 0.37 0.4222222222222222 0.52
0 0.5222222222222223 0.37 0.4222222222222222 0.52
0 0.5333333333333333 0.37 0.4222222222222222 0.52
0 0.5444444444444444 0.37 0.4222222222222222 0.52
0 0.5555555555555556 0.37 0.4222222222222222 0.52
0 0.5111111111111111 0.38 0.4222222222222222 0.52
0 0.5222222222222223 0.38 0.4222222222222222 0.52
