0 0.4515625 0.4625 0.059375 0.10833333333333334
0 0.453125 0.4625 0.059375 0.10833333333333334
0 0.4546875 0.4625 0.059375 0.10833333333333334
0 0.45625 0.4625 0.059375 0.10833333333333334
0 0.4578125 0.4625 0.059375 0.10833333333333334
0 0.459375 0.4625 0.059375 0.10833333333333334
0 0.4515625 0.46458333333333335 0.059375 0.10833333333333334
0 0.453125 0.46458333333333335 0.059375 0.10833333333333334
0 0.4546875 0.46458333333333335 0.059375 0.10833333333333334
0 0.45625 0.46458333333333335 0.059375 0.10833333333333334
0 0.4578125 0.46458333333333335 0.059375 0.10833333333333334
0 0.459375 0.46458333333333335 0.059375 0.10833333333333334
0 0.4609375 0.46458333333333335 0.059375 0.10833333333333334
0 0.4515625 0.4666666666666667 0.059375 0.10833333333333334
0 0.453125 0.4666666666666667 0.059375 0.10833333333333334
0 0.4546875 0.4666666666666667 0.059375 0.10833333333333334
0 0.45625 0.4666666666666667 0.059375 0.10833333333333334
0 0.4578125 0.4666666666666667 0.059375 0.10833333333333334
0 0.459375 0.4666666666666667 0.059375 0.10833333333333334
0 0.4609375 0.4666666666666667 0.059375 0.10833333333333334
0 0.4515625 0.46875 0.059375 0.10833333333333334
0 0.453125 0.46875 0.059375 0.10833333333333334
0 0.4546875 0.46875 0.059375 0.10833333333333334
0 0.45625 0.46875 0.059375 0.10833333333333334
0 0.4578125 0.46875 0.059375 0.10833333333333334
0 0.459375 0.46875 0.059375 0.10833333333333334
0 0.4515625 0.4708333333333333 0.059375 0.10833333333333334
0 0.453125 0.4708333333333333 0.059375 0.10833333333333334
0 0.4546875 0.4708333333333333 0.059375 0.10833333333333334
0 0.45625 0.4708333333333333 0.059375 0.10833333333333334
0 0.4578125 0.4708333333333333 0.059375 0.10833333333333334
0 0.453125 0.47291666666666665 0.059375 0.10833333333333334
0 0.4546875 0.47291666666666665 0.059375 0.10833333333333334
