0 0.4546875 0.46041666666666664 0.059375 0.10833333333333334
0 0.45625 0.46041666666666664 0.059375 0.10833333333333334
0 0.4578125 0.46041666666666664 0.059375 0.10833333333333334
0 0.459375 0.46041666666666664 0.059375 0.10833333333333334
0 0.4609375 0.46041666666666664 0.059375 0.10833333333333334
0 0.453125 0.4625 0.059375 0.10833333333333334
0 0.4546875 0.4625 0.059375 0.10833333333333334
0 0.45625 0.4625 0.059375 0.10833333333333334
0 0.4578125 0.4625 0.059375 0.10833333333333334
0 0.459375 0.4625 0.059375 0.10833333333333334
0 0.4609375 0.4625 0.059375 0.10833333333333334
0 0.4625 0.4625 0.059375 0.10833333333333334
