0 0.4411764705882353 0.2866666666666667 0.5058823529411764 0.4
0 0.45294117647058824 0.2866666666666667 0.5058823529411764 0.4
0 0.4647058823529412 0.2866666666666667 0.5058823529411764 0.4
0 0.4764705882352941 0.2866666666666667 0.5058823529411764 0.4
0 0.48823529411764705 0.2866666666666667 0.5058823529411764 0.4
0 0.5 0.2866666666666667 0.5058823529411764 0.4
0 0.4176470588235294 0.29333333333333333 0.5058823529411764 0.4
0 0.4294117647058823 0.29333333333333333 0.5058823529411764 0.4
0 0.4411764705882353 0.29333333333333333 0.5058823529411764 0.4
0 0.45294117647058824 0.29333333333333333 0.5058823529411764 0.4
0 0.4647058823529412 0.29333333333333333 0.5058823529411764 0.4
0 0.4764705882352941 0.29333333333333333 0.5058823529411764 0.4
0 0.48823529411764705 0.29333333333333333 0.5058823529411764 0.4
0 0.5 0.29333333333333333 0.5058823529411764 0.4
0 0.5117647058823529 0.29333333333333333 0.5058823529411764 0.4
0 0.5235294117647059 0.29333333333333333 0.5058823529411764 0.4
0 0.3941176470588235 0.3 0.5058823529411764 0.4
0 0.40588235294117647 0.3 0.5058823529411764 0.4
0 0.4176470588235294 0.3 0.5058823529411764 0.4
0 0.4294117647058823 0.3 0.5058823529411764 0.4
0 0.4411764705882353 0.3 0.5058823529411764 0.4
0 0.45294117647058824 0.3 0.5058823529411764 0.4
0 0.4647058823529412 0.3 0.5058823529411764 0.4
0 0.4764705882352941 0.3 0.5058823529411764 0.4
0 0.48823529411764705 0.3 0.5058823529411764 0.4
0 0.5 0.3 0.5058823529411764 0.4
0 0.5117647058823529 0.3 0.5058823529411764 0.4
0 0.5235294117647059 0.3 0.5058823529411764 0.4
0 0.5352941176470588 0.3 0.5058823529411764 0.4
0 0.4176470588235294 0.30666666666666664 0.5058823529411764 0.4
0 0.4294117647058823 0.30666666666666664 0.5058823529411764 0.4
0 0.4411764705882353 0.30666666666666664 0.5058823529411764 0.4
0 0.45294117647058824 0.30666666666666664 0.5058823529411764 0.4
0 0.4647058823529412 0.30666666666666664 0.5058823529411764 0.4
0 0.4764705882352941 0.30666666666666664 0.5058823529411764 0.4
0 0.48823529411764705 0.30666666666666664 0.5058823529411764 0.4
0 0.5 0.30666666666666664 0.5058823529411764 0.4
0 0.5117647058823529 0.30666666666666664 0.5058823529411764 0.4
