0 0.5 0.24666666666666667 0.5058823529411764 0.4
0 0.5117647058823529 0.24666666666666667 0.5058823529411764 0.4
0 0.5235294117647059 0.24666666666666667 0.5058823529411764 0.4
0 0.5352941176470588 0.24666666666666667 0.5058823529411764 0.4
0 0.5470588235294118 0.24666666666666667 0.5058823529411764 0.4
0 0.5588235294117647 0.24666666666666667 0.5058823529411764 0.4
0 0.5705882352941176 0.24666666666666667 0.5058823529411764 0.4
0 0.5823529411764706 0.24666666666666667 0.5058823529411764 0.4
0 0.5941176470588235 0.24666666666666667 0.5058823529411764 0.4
0 0.6058823529411764 0.24666666666666667 0.5058823529411764 0.4
0 0.6176470588235294 0.24666666666666667 0.5058823529411764 0.4
0 0.6294117647058823 0.24666666666666667 0.5058823529411764 0.4
0 0.6411764705882353 0.24666666666666667 0.5058823529411764 0.4
0 0.45294117647058824 0.25333333333333335 0.5058823529411764 0.4
0 0.4647058823529412 0.25333333333333335 0.5058823529411764 0.4
0 0.4764705882352941 0.25333333333333335 0.5058823529411764 0.4
0 0.48823529411764705 0.25333333333333335 0.5058823529411764 0.4
0 0.5 0.25333333333333335 0.5058823529411764 0.4
0 0.5117647058823529 0.25333333333333335 0.5058823529411764 0.4
0 0.5235294117647059 0.25333333333333335 0.5058823529411764 0.4
0 0.5352941176470588 0.25333333333333335 0.5058823529411764 0.4
0 0.5470588235294118 0.25333333333333335 0.5058823529411764 0.4
0 0.5588235294117647 0.25333333333333335 0.5058823529411764 0.4
0 0.5705882352941176 0.25333333333333335 0.5058823529411764 0.4
0 0.5823529411764706 0.25333333333333335 0.5058823529411764 0.4
0 0.5941176470588235 0.25333333333333335 0.5058823529411764 0.4
0 0.6058823529411764 0.25333333333333335 0.5058823529411764 0.4
0 0.6176470588235294 0.25333333333333335 0.5058823529411764 0.4
0 0.6294117647058823 0.25333333333333335 0.5058823529411764 0.4
0 0.6411764705882353 0.25333333333333335 0.5058823529411764 0.4
0 0.6529411764705882 0.25333333333333335 0.5058823529411764 0.4
0 0.6647058823529411 0.25333333333333335 0.5058823529411764 0.4
0 0.6764705882352942 0.25333333333333335 0.5058823529411764 0.4
0 0.6882352941176471 0.25333333333333335 0.5058823529411764 0.4
0 0.4411764705882353 0.26 0.5058823529411764 0.4
0 0.45294117647058824 0.26 0.5058823529411764 0.4
0 0.4647058823529412 0.26 0.5058823529411764 0.4
0 0.4764705882352941 0.26 0.5058823529411764 0.4
0 0.48823529411764705 0.26 0.5058823529411764 0.4
0 0.5 0.26 0.5058823529411764 0.4
0 0.5117647058823529 0.26 0.5058823529411764 0.4
0 0.5235294117647059 0.26 0.5058823529411764 0.4
0 0.5352941176470588 0.26 0.5058823529411764 0.4
0 0.5470588235294118 0.26 0.5058823529411764 0.4
0 0.5588235294117647 0.26 0.5058823529411764 0.4
0 0.5705882352941176 0.26 0.5058823529411764 0.4
0 0.5823529411764706 0.26 0.5058823529411764 0.4
0 0.5941176470588235 0.26 0.5058823529411764 0.4
0 0.6058823529411764 0.26 0.5058823529411764 0.4
0 0.6176470588235294 0.26 0.5058823529411764 0.4
0 0.6294117647058823 0.26 0.5058823529411764 0.4
0 0.6411764705882353 0.26 0.5058823529411764 0.4
0 0.6529411764705882 0.26 0.5058823529411764 0.4
0 0.6647058823529411 0.26 0.5058823529411764 0.4
0 0.6764705882352942 0.26 0.5058823529411764 0.4
0 0.6882352941176471 0.26 0.5058823529411764 0.4
0 0.5 0.26666666666666666 0.5058823529411764 0.4
0 0.5117647058823529 0.26666666666666666 0.5058823529411764 0.4
0 0.5235294117647059 0.26666666666666666 0.5058823529411764 0.4
0 0.5352941176470588 0.26666666666666666 0.5058823529411764 0.4
0 0.5470588235294118 0.26666666666666666 0.5058823529411764 0.4
0 0.5588235294117647 0.26666666666666666 0.5058823529411764 0.4
0 0.5705882352941176 0.26666666666666666 0.5058823529411764 0.4
0 0.5823529411764706 0.26666666666666666 0.5058823529411764 0.4
0 0.5941176470588235 0.26666666666666666 0.5058823529411764 0.4
0 0.6058823529411764 0.26666666666666666 0.5058823529411764 0.4
0 0.6176470588235294 0.26666666666666666 0.5058823529411764 0.4
0 0.6294117647058823 0.26666666666666666 0.5058823529411764 0.4
0 0.6411764705882353 0.26666666666666666 0.5058823529411764 0.4
