0 0.5588235294117647 0.22 0.5058823529411764 0.4
0 0.5705882352941176 0.22 0.5058823529411764 0.4
0 0.5823529411764706 0.22 0.5058823529411764 0.4
0 0.5941176470588235 0.22 0.5058823529411764 0.4
0 0.6058823529411764 0.22 0.5058823529411764 0.4
0 0.6176470588235294 0.22 0.5058823529411764 0.4
0 0.6294117647058823 0.22 0.5058823529411764 0.4
0 0.6411764705882353 0.22 0.5058823529411764 0.4
0 0.6529411764705882 0.22 0.5058823529411764 0.4
0 0.5823529411764706 0.22666666666666666 0.5058823529411764 0.4
0 0.5941176470588235 0.22666666666666666 0.5058823529411764 0.4
0 0.6058823529411764 0.22666666666666666 0.5058823529411764 0.4
0 0.6176470588235294 0.22666666666666666 0.5058823529411764 0.4
0 0.6294117647058823 0.22666666666666666 0.5058823529411764 0.4
