0 0.5588235294117647 0.41333333333333333 0.5058823529411764 0.4
0 0.5705882352941176 0.41333333333333333 0.5058823529411764 0.4
0 0.5823529411764706 0.41333333333333333 0.5058823529411764 0.4
0 0.5235294117647059 0.42 0.5058823529411764 0.4
0 0.5352941176470588 0.42 0.5058823529411764 0.4
0 0.5470588235294118 0.42 0.5058823529411764 0.4
0 0.5588235294117647 0.42 0.5058823529411764 0.4
0 0.5705882352941176 0.42 0.5058823529411764 0.4
0 0.5823529411764706 0.42 0.5058823529411764 0.4
0 0.5941176470588235 0.42 0.5058823529411764 0.4
0 0.6058823529411764 0.42 0.5058823529411764 0.4
