0 0.5470588235294118 0.31333333333333335 0.5058823529411764 0.4
0 0.5588235294117647 0.31333333333333335 0.5058823529411764 0.4
0 0.5705882352941176 0.31333333333333335 0.5058823529411764 0.4
0 0.5823529411764706 0.31333333333333335 0.5058823529411764 0.4
0 0.31176470588235294 0.32 0.5058823529411764 0.4
0 0.3235294117647059 0.32 0.5058823529411764 0.4
0 0.3352941176470588 0.32 0.5058823529411764 0.4
0 0.34705882352941175 0.32 0.5058823529411764 0.4
0 0.3588235294117647 0.32 0.5058823529411764 0.4
0 0.37058823529411766 0.32 0.5058823529411764 0.4
0 0.38235294117647056 0.32 0.5058823529411764 0.4
0 0.3941176470588235 0.32 0.5058823529411764 0.4
0 0.40588235294117647 0.32 0.5058823529411764 0.4
0 0.4176470588235294 0.32 0.5058823529411764 0.4
0 0.4294117647058823 0.32 0.5058823529411764 0.4
0 0.4411764705882353 0.32 0.5058823529411764 0.4
0 0.45294117647058824 0.32 0.5058823529411764 0.4
0 0.48823529411764705 0.32 0.5058823529411764 0.4
0 0.5 0.32 0.5058823529411764 0.4
0 0.5117647058823529 0.32 0.5058823529411764 0.4
0 0.5235294117647059 0.32 0.5058823529411764 0.4
0 0.5352941176470588 0.32 0.5058823529411764 0.4
0 0.5470588235294118 0.32 0.5058823529411764 0.4
0 0.5588235294117647 0.32 0.5058823529411764 0.4
0 0.5705882352941176 0.32 0.5058823529411764 0.4
0 0.5823529411764706 0.32 0.5058823529411764 0.4
0 0.5941176470588235 0.32 0.5058823529411764 0.4
0 0.6058823529411764 0.32 0.5058823529411764 0.4
0 0.6176470588235294 0.32 0.5058823529411764 0.4
0 0.6294117647058823 0.32 0.5058823529411764 0.4
0 0.6411764705882353 0.32 0.5058823529411764 0.4
