0 0.6176470588235294 0.26666666666666666 0.5058823529411764 0.4
0 0.6294117647058823 0.26666666666666666 0.5058823529411764 0.4
0 0.6411764705882353 0.26666666666666666 0.5058823529411764 0.4
0 0.6529411764705882 0.26666666666666666 0.5058823529411764 0.4
0 0.6647058823529411 0.26666666666666666 0.5058823529411764 0.4
0 0.6764705882352942 0.26666666666666666 0.5058823529411764 0.4
0 0.6882352941176471 0.26666666666666666 0.5058823529411764 0.4
0 0.7 0.26666666666666666 0.5058823529411764 0.4
0 0.6294117647058823 0.2733333333333333 0.5058823529411764 0.4
0 0.6411764705882353 0.2733333333333333 0.5058823529411764 0.4
0 0.6529411764705882 0.2733333333333333 0.5058823529411764 0.4
0 0.6647058823529411 0.2733333333333333 0.5058823529411764 0.4
0 0.6764705882352942 0.2733333333333333 0.5058823529411764 0.4
0 0.6882352941176471 0.2733333333333333 0.5058823529411764 0.4
0 0.7 0.2733333333333333 0.5058823529411764 0.4
